-57
89
-41
106
000000000000000000000000000000000000000000000000000000000000000000000000000000000000000000000000000000000000000000000000000000000000000000000000000
000000000000000000000000000000000000000000000000000000000000000000000000000000000000000000000000000000000000000000000000000000000000000000000000000
000000111111111111111111111111000000000000000000000000000000000000000000000000000000000000000000000000000000000000000000000000000000000000000000000
000000111111111111111111111111000000000000000000111111111111100000000000000000000000000000000011111110000000000000000000000000000000000000000000000
000000111111111111111111111111000000000000000001111111111111100000000000000000000000000000000011111110000000000000000000000000000000000000000000000
000001111111111111111111111111000000000000000011111111111111100000000000000000000000000000111111111110000000000000000000000000000000000000000000000
000001111111111111111111111111111111100000000111111111111111100000000000000000000000000001111111111110000000000000000000000000000000000000000000000
000011111111111111111111111111111111100000001111111111111111100000000000000000000000000011111111111110000000000000011111110000000000000000000000000
000111111111111111111111111111111111110000001111111111111111000000000000000000000000000111111111111110000000000000011111110000000000000000000000000
000111111111111111111111111111111111111000011111110111111111000000000000000000000000001111111111111110000000000000111101110000000000000000000000000
001111111111111111111111111111111111111111111111111111111110000000000000000000000000001111111111111110000000000001111111110000000000000000000000000
001111111111111111111111111111111111111111111111111111111110000000000000000011111111111111111111111110000000000001111111110000000000000000000000000
011111111111111111111111111111111111111111111111111111111110000000000000000011111111111111111111111110000000000001111111110000000000000000000000000
011111111111111111111111111111111111111101111111111111111110000000000000000011111111111111111111111110000000000011111111110000000000000000000000000
011111111111111111111111111111111111111111111111111111111110000000000000000011111111111111111111111110000000000011111111110000000000000000000000000
001111111111111111111111111111111111111111111000001111111111111000011111111111111111111111111111111110000000000011111111110000000000000000000000000
001111111111111111111111111111111111111110000000001111111111111100011111111111111111111111111111111110000000000011111111111111111111111000000000000
000111111111111111111111111111111111111100000000001111111111111111111101011111110111111111111111111110000000000111111111111111111111111111000000000
000001111111111111111111111111111111111000000000001111111111111111111111111111111111111111111111111111111111111111111111111111111111111111000000000
000001111111110111111111111111111111100000000000001111011111111111111111111111111111111111111111111111111111111111111111111111111111111111000000000
000001111111111111111111111111111111000000000000001111111111111111111111111111111111111111111111111111111111111111111111111111111111111111000000000
000001111111111111111111111111111110000000000000001111111111111111111111111111111111111111111111111111111111111111111111111111111111111111000000000
000001111111111111111111111111100000000000000000001111111111111111111111111111111111111111111111111111111111111111111111111111111111111111000000000
000000111111111111111111111100000000000000000000001111111111111111111111111111111111111111111111111111111111111111111111111111111111111111000000000
000000111111111111111111100000000000000000000000011111111111111111111111111111111111111111111111111111111111111111111111111111111111111111000000000
000000111111111111111100000000000000000000000000011111111111111111111111111111111111111111111111111111111111111111111111111111111111111111000000000
000000111111111111111100000000000000000000000000111111111111111111111111111111111111111111111111111111111111111111111111111111111111111111000000000
000001111111111111111100000000000000000000000001111111111111111111111100000011111111111111111111111111111111011111111111111111111111111111000000000
000001111111111111111100000000000000000000000011111111111111111111111000000001111111111111111111111111111111111111111111111111111111111110000000000
000001111111111111111100000000000000000000000111111111111111111111000000000001111111110111111111111111111111111111111111111111111111111000000000000
000001111111111111111100000000000000000000001111111111111111111111000000000001111111111111111111111111111111111111111111111111111111110000000000000
000000111111111101111100000000000000000000011111111111111111100000000000000000000111110111111111111111111111111111111111111111111111110000000000000
000000111111111111111100000000000000000000011111111111111111000000000000000000000111111111111111111111111111111000000000001111111111111000000000000
000000111111111111111100000000000000000000111111111111111110000000000000000000000111111111111111111111111111110000000000001111111111111100000000000
000000001111111111111100000000000000000001111111111111111100000000000000000000000111111111111111111111111111100000000000001111111111111110000000000
000000001111111111111100000000000000000011111111111111111000000000000000000000000111111111111100000001111111100000000000001111111111011111000000000
000000000111111111111110000000000000000111111111111111110000000000000000000000000111111111111000000001111111100000000000001111111111111111100000000
000000000011111111111111000000000000001111111111111111100000000000000000000000000111111111100000000001111111100000000000001111111111111111100000000
000000000001111111111111111100000000011111111111111111000000000000000000000000001111111111000000000000111111100000000000001111111111111100000000000
000000000000111111111111111110000000111111111111111111000000000000000000000000011111111110000000000000111111100000000000001111111111111100000000000
000000000000111111111111111110000001111111111111111111000000000000000000000000011111111100000000000000111111100000000000001111111111111100000000000
000000000000011111111111111111000011111111111111111111000000000000000000000000111111111000000000000001111111100000000000001111111111111100000000000
000000000000001111111111111111111111111111111111111111000000000000000000000000111111110000000000000011111111100000000000001111111111111100000000000
000000000000001111111111111111111111111111111111111111000000000000000000000000111111110000000000000111111111100000000000001111111111011100000000000
000000000000000011111111111111111111111111111111111111000000000000000000000001111111111000000000000111111111100000000000001111111111111100000000000
000000000000000001111111111111111111111111111111111111000000000000000000000001111111111000000000001111111111100000000000011111111111111100000000000
000000000000000000111111111111111111111111111111111111000000000000000000000011111111110000000000111111111111100000000000111111111111111100000000000
000000000000000000011111111111111111111111111111111111000000000000000000000111111111110000000000111111111111111111111111111111111111111100000000000
000000000000000000001111111111111111111111111111111111100000000000000000001111111111110000000000111111111111111111111111111111111111111100000000000
000000000000000000000011111111111111111111111111111111100000000000000000001111111111110000011001111111111111111111111111111111111111111100000000000
000000000000000000000011111111111111111111111111111111100000000000000111111111111111111111111111111111111111111111111111111111111111111111000000000
000000000000000000000011111111111111011111111111111111100000000000001111111111111111111101111111111111111111111111110111111111111111111111000000000
000000000000000000000011111111111111111111111111111111100000000000011111111111111111111111111111111111111111111111111111111111111111111111000000000
000000000000000000000011111111111111111111111111111111100000000000010111111111111111111111111101111111111111111111111111111111111111111111000000000
000000000000000000000011111111111111111111111111111111111111111111111111111111111111111111111111111111111111111111111111111111111111111111000000000
000000000000000000000011111111111111111111111111111111111111011111111111111111111111111111111111111111111111111111111111111111111111111111000000000
000000000000000000001111111111111111111111111111111111111111111111111111111111111111111111111111111111111111111111111111111111111111111111000000000
000000000000000000001111111111111111111111111111111111111111111111111111111111111111111111111111111111111111111111111111111111111111111111000000000
000000000000000000001111111111111111111111111111111111111111111111111111111111111111111111100111111111111111111111111111111111111111111111000000000
000000000000000000001111111111111111111111111111111111111111111111111111111111111100000000000000011111111111111111110111111111111111111111000000000
000000000000000000000011111111111111111111111111111111111111111111111111111111111000000000000000001111111111111111111111111111111111111111110000000
000000000000000000000011111101111111111111111111111111111111111111111111111111110000000000000000000011111111111111111111111111111111111111110000000
000000000000000000000011111111111111111111111111111111100111111111111111111111100000000000000000000001111111111111111111111111111111111111111000000
000000000000000000000011111111111111111111111111111111000111111111111101111111100000000000000000000001111111111111111111111111111111111111111000000
000000000000000000000011111111111111111111111111111100000111111111111111111111100000000000000000000001111111111111111111111111111110111111111000000
000000000000000000000011111111111111111111111111111000000111111111111111111111100000000000000000000001111111111111111111111111111111111111110000000
000000000000000000000000111111110000111111111111110000000111111111111111111111100000000000000000000001111111111111111111111111111111111111000000000
000000000000000000000000111111000000011111111111100000000000011111111111111111100000000000000000000001111101111111111100010001111111111111000000000
000000000000000000000000001110000000011111111111100000000000011111111111111111100000000000000000000001111111111111111000000001111111111111000000000
000000000000000000000000000000000000011111111111000000000000011111111111111111100000000000000000000001111111111111110000000011111111111111000000000
000000000000000000000000000000000000011111111100000000000000011111111111111111100000000000000000000011111111111111100000000011111111110000000000000
000000000000000000000000000000000000011111111100000000000000011111111111111111100000000000000000000011111111111111000000000111111111110000000000000
000000000000000000000000000000000000011111111100000000000000011111111111111111100000000000000000000011111111111111000000001111111111110000000000000
000000000000000000000000000000000000011111111110000000000000011111111111111111111111111000000000000111111111111111000000011111111111110000000000000
000000000000000000000000000000000000111111111100000000000000011111111111111111111111111000000000001111111111111111000000011111111111110000000011110
000000000000000000000000000000000000111111111000000000000000000000000111111111111111111111100000011111111111111111000000111111110111110000000011110
000000000000000000000000000000000001111111110000000000000000000000000111111111111111111111100000111111111111111111100001111111111111110000000011110
000000000000000000000000000000000001111111100000000000000000000000000111111111111111011111111111111111111111111111110001111111111111110000000011110
000000000000000000000000000000000001111111100000000000000000000000000011111111111111111111111111111111111111111111111111111111111111111111111111110
000000000000000000000000000000000001111111100000000000000000000000000000011111111111111111111111111111111111111111111111111111111111111111111111110
000000000000000000000000000000000001111111100000000000000000000000000000011111111111111111111111111111111111111111111111111111111111111111111111110
000000000000000000000000000000000011111111100000000000000000000000000000011111111111111111111111111111111111111111111111111111111111111111111111110
000000000000000000000000000000000011111111100000000000000000000000000000011111111111111111111111111111111111111111111111111111111111111111111111110
000000000000000000000000000000000011111111100000000000000000000000000000011111111111111111110000001111111111111111111111111111111111111111111111110
000000000000000000000000000000000011111111100000000000000000000000000000011111111100001100000000001111111111111111111111111111111111111111111111110
000000000000000000000000000000000011111111100000000000000000000000000000011111111100001000000000001111111111111111111111111111111111111111111111110
000000000000000000000000000000000011111111100000000000000000000000000000000000000000000000000000001111111111111111111111111111111111111111111111110
000000000000000000000000000000000011111111100000000000000000000000000000000000000000000000000000011111111111111111111111110000000111111111111111110
000000000000000000000000000000000011111111100000000000000000000000000000000000000000000000000000011111111111111111111111100000000111111111111111110
000000000000000000000000000000000011111111100000000000000000000000000000000000000000000000000000111111110111111111111110000000000111111111111111110
000000000000000000000000000000000011111111111110000000000000000000000000000000000000000000000001111111111111111111111110000000000111111111111111110
000000000000000000000000000000000111111111111110000000000000000000000000000000000000000000000011111111111111111111111110000000000111111111000000000
000000000000000000000000000000001111111111111100000000000000000000000000000000000000000000000011111111111111111111111110000000000111111110000000000
000000000000000000000000000000001111111111111100111000000000000000000000000000000000000000000111111111111111111111111110000000000111111100000000000
000000000000000000000000000000011111111111111111111100000000000000000000000000000000000000000111111111111111111111111111110000000111111000000000000
000000000000000000000000000000011111111101111111111111100000000000000000000000000000000000001111111111111111011111111111110000001111110000000000000
000000000000000000000000000000111111111111111111111111000000000000000000111111111000000000001111111111111111111111111111110000011111100000000000000
000000000000000000000000000001111111111111111111111111001111111100000000111111111100000000011111111111111111111111111111111100110110000000000000000
000000000000000000000000000001111111111111111111111111111111111100000000111111111110000000111111111111111111111111111111111111111100000000000000000
000000000000000000000000000001111111111111111111111111111111111100000000111111111111111111111111111111111111111111111111111111111100000000000000000
000000000000000000000000000001111111111111111111111111111111111100000000111111111111111111111111111111111111111111111111111111111100000000000000000
000000000000000000000000000111111111111111111111111111111111111100000000111111111111111111111111111111111111111111111111111111111110000000000000000
000000000000000000000000001111111111111111111111111111111111111100000000111111111111111111111111111111111111111111111111111111111111111111000000000
000000000000000010000111111111111111111111111111111111111111111100000000111111111111111111111111111111111111111111111111111111111111111111000000000
000000000000011111001111111111111111111111111111111111111111111111111111111111111111111111111111111111111111111111111111111111111111111111000000000
000000000000011111111111111111111111111111111111111111111111111111111111111111111111110111111111111111111111111111111111111111111111111111000000000
000000000000111111111111111111111111111111111111111111111111111111111111111111111111111111111111111111111111111111111111111111111111111111000000000
000000000000111111111111111111111111111111111111111111111111111111111111111111111111111111111111111111111111100001111111111111111111111111000000000
000000000000111111111111111111111111111111111111111111111111111111111111111111111111111111111111111111111111000001111111111111111111111111100000000
000000000000111111111111111111111111111111111111111111111111111111111111111111111111111111111101111111111110000001111111111111111111111111100000000
000000000000111111111111111111111111111111111111111111111111111111111111111111111111111111111111111111111100000001111111111111111111111111000000000
000000000001111111111111111111111111011111111111110000000111111111111111111111111111111111111111111111111100000011111101111111111111110110000000000
000000000011111111111111111111111111111111111111100000000111111111111111111111111111111111111111111111111100000111111111111111111111111100000000000
000000000011111111111111111111111111111111111111000000000111111111111111110111111111111111111111111111111110001111111111111111111111111000000000000
000000000011111111111111111111111111111111111100000000000111111111111111111111111111111111111111111111111111111111111111111111111111110000000000000
000000000111111111111111111111111111111111111000000000000000000000001111111111111111111111111111111111111111111111111111111111111111100000000000000
000000000111111111111111111111111111111111110000000000000000000000001111111111111111111111111111111111111111111111111111111111111111000000000000000
000000001111111111111111111111111111111111100000000000000000000000001111111111111111111111111111111111111111111111111111111111111100000000000000000
000000001111111111111111111111111111111111000000000000000000000000001111111111111111111111111111111111111111111111111111111111111100000000000000000
000000011111111111111111111111111111111110000000000000000000000000001111111111111111110001111111111111111111111111111111111111111100000000000000000
000000011111111111111111111111111111111110000000000000000000000000011111111111111111000000111111111111111111111111111111111111111100000000000000000
001111110111111111111111111111111111111111110000000000000000000000111111111111111110000000011111111111111111111111111111111111111100000000000000000
011111111111111111111111111111111111111111111100000000000000000001111111111111111100000000001111111111111111111111111111111111111100000000000000000
011111111111111111111111111111111111111111011100000000000000000011111111111111111100000000000111111111111111111111111111111111111100000000000000000
011111111111111111111111111111111111111111111100000000000000000111111111111111111100000000000111111111111111111111111111111111111100000000000000000
011101111111111111111111111111111111111111111100000000000000001111111111111111111100000000000111111111111111111111111111111111111100000000000000000
011111111111111111111111111110111111111111111100000000000000001111111111111111111100000000001111111111111111111111111111111111111111111111000000000
011111111111111111110111111111111111111111111100000000000111111111111111111111111100000000001111111111111111111111111111111111111111111111000000000
011111111111111111111111111111111111111111111110000000000111111111111111111111111110000000011111111111111111111111111111111111111111111111000000000
011111111111111111111111111111111111111111111110000000001111111111111111111111111111000000111111111111111111111111111111111111111111111111000000000
011111111111111111111111111111111111111111111100000000001111111111111111111111111111111111111111111111111111111111111111111111111111111111000000000
011111111111111111111111111111111111111111111000000000011111111111111111111111111111111111111111111111111111111111111111111111111111111111000000000
011111111111111111111111111111111111111111110000000000111111111111111111111111111111111111111111111111111111111111111111111111111111111111000000000
011111011111111111111111111111111111111111100000000001111111111111111111111111111111111111111111111111111111111111111111111111111111111111000000000
011111111111111111111111111111111111111111000000000001111111111111111111111111111111111111111111111111111111111111111111111111111111111111000000000
011111111111011111111111111111111111011111000000000001111111111100011111011111111110001111111111111111111111111111111111111111111111111111000000000
000001111111111111111111111111111111111110000000000001111111111111111111111111111000001111111111111111111111111111111111111111111111111110000000000
000001111111111111111111111111111111111100000000000001111111111111111111111111110000011111111101111111111101111111111111111111111111111110000000000
000001111111111111111111111111111111111000000000000001111111111111111111111111100000011111111111111111111111111111111111111111111111111000000000000
000001111100011111111111111111111111110000000000000001111111111111111111110000000000011111111111111111111111110001111111111111111111100000000000000
000001111000011111111111111111111111100000000000000000111111111111111111100000000000011111111111111111111111100000001111111111111110000000000000000
000001110000011111111111011111111111000000000000000000011111111111111111000000000000011111111111111111111110000000001111111111111110000000000000000
000000000000011111111111111111111110000000000000000000001111111111111110000000000000011111111111111111111100000000001111111111100110000000000000000
000000000000000000000000000000000000000000000000000000000111111111111100000000000000111111111111110001111000000000000000011111000000000000000000000
000000000000000000000000000000000000000000000000000000000011111111110000000000000001111111111000000000000000000000000000011110000000000000000000000
000000000000000000000000000000000000000000000000000000000011111111100000000000000001111111110000000000000000000000000000000000000000000000000000000
000000000000000000000000000000000000000000000000000000000001111111000000000000000000000000000000000000000000000000000000000000000000000000000000000
000000000000000000000000000000000000000000000000000000000000111111000000000000000000000000000000000000000000000000000000000000000000000000000000000
